10
84 0 0 0 0 0 0 0 0 0 
63 28 0 0 0 0 0 0 0 0 
12 69 68 0 0 0 0 0 0 0 
30 3 23 59 0 0 0 0 0 0 
30 74 22 20 85 0 0 0 0 0 
14 27 92 81 57 74 0 0 0 0 
6 26 85 28 37 6 47 0 0 0 
25 96 83 46 15 68 35 65 0 0 
88 9 77 79 89 85 4 52 55 0 
33 61 77 69 40 13 27 87 95 40 
10
0.011905 0.000000 0.000000 0.000000 0.000000 0.000000 0.000000 0.000000 0.000000 0.000000 
-0.026786 0.035714 0.000000 0.000000 0.000000 0.000000 0.000000 0.000000 0.000000 0.000000 
0.025079 -0.036240 0.014706 0.000000 0.000000 0.000000 0.000000 0.000000 0.000000 0.000000 
-0.014468 0.012311 -0.005733 0.016949 0.000000 0.000000 0.000000 0.000000 0.000000 0.000000 
0.016031 -0.024610 -0.002457 -0.003988 0.011765 0.000000 0.000000 0.000000 0.000000 0.000000 
-0.020170 0.037504 -0.010115 -0.015481 -0.009062 0.013514 0.000000 0.000000 0.000000 0.000000 
-0.033483 0.053034 -0.019955 -0.004982 -0.008105 -0.001725 0.021277 0.000000 0.000000 0.000000 
0.048628 -0.077297 0.007173 0.007803 0.011129 -0.013208 -0.011457 0.015385 0.000000 0.000000 
-0.067303 0.078294 0.001925 -0.000982 -0.014965 -0.008271 0.009284 -0.014546 0.018182 0.000000 
0.074912 -0.047144 -0.019377 -0.031494 0.007988 0.045145 -0.011494 0.001084 -0.043182 0.025000
2 1 99.0
