10
84 0 0 0 0 0 0 0 0 0 
63 28 0 0 0 0 0 0 0 0 
12 69 68 0 0 0 0 0 0 0 
30 3 23 59 0 0 0 0 0 0 
30 74 22 20 85 0 0 0 0 0 
14 27 92 81 57 74 0 0 0 0 
6 26 85 28 37 6 47 0 0 0 
25 96 83 46 15 68 35 65 0 0 
88 9 77 79 89 85 4 52 55 0 
33 61 77 69 40 13 27 87 95 40 
10
0.0119048 1.21431e-17 -3.25261e-18 -4.77049e-18 -1.73472e-18 4.33681e-18 -4.33681e-19 -1.30104e-18 0 6.50521e-19 
-0.0267857 0.0357143 -2.1684e-19 9.75782e-18 0 0 3.46945e-18 -3.46945e-18 -3.46945e-18 0 
0.0250788 -0.0362395 0.0147059 -1.04083e-17 0 3.46945e-18 0 3.03577e-18 6.93889e-18 2.1684e-18 
-0.0144678 0.0123113 -0.0057328 0.0169492 8.67362e-19 -6.93889e-18 6.93889e-18 -1.89735e-18 0 -8.67362e-19 
0.0160308 -0.0246096 -0.00245733 -0.00398804 0.0117647 0 -3.46945e-18 1.78893e-18 3.46945e-18 2.1684e-19 
-0.0201699 0.0375038 -0.0101151 -0.0154806 -0.009062 0.0135135 5.63785e-18 -7.48099e-18 -1.73472e-18 1.73472e-18 
-0.0334834 0.0530341 -0.0199547 -0.0049816 -0.00810473 -0.00172513 0.0212766 0 -3.46945e-18 -2.1684e-18 
0.0486276 -0.0772972 0.00717261 0.00780301 0.0111294 -0.0132083 -0.0114566 0.0153846 6.93889e-18 1.73472e-18 
-0.0673031 0.078294 0.00192484 -0.000982329 -0.0149654 -0.00827121 0.00928433 -0.0145455 0.0181818 -3.46945e-18 
0.0749125 -0.0471442 -0.0193775 -0.031494 0.00798758 0.0451447 -0.0114938 0.00108392 -0.0431818 0.025
2 1 99.0
