10
49.00 -0.00 -0.00 0.00 -0.00 0.00 0.00 -0.00 -0.00 0.00 
0.00 -134.04 -0.00 0.00 -0.00 0.00 0.00 -0.00 0.00 -0.00 
-0.00 -0.00 -4.97 0.00 0.00 0.00 -0.00 -0.00 -0.00 -0.00 
-0.00 -0.00 0.00 319.07 0.00 -0.00 -0.00 0.00 -0.00 0.00 
0.00 -0.00 -0.00 0.00 13.68 -0.00 -0.00 0.00 -0.00 0.00 
0.00 -0.00 0.00 0.00 0.00 -508.08 -0.00 0.00 -0.00 0.00 
0.00 -0.00 0.00 0.00 0.00 0.00 4.35 0.00 -0.00 0.00 
-0.00 0.00 0.00 -0.00 -0.00 -0.00 0.00 -1613.80 0.00 -0.00 
0.00 0.00 0.00 -0.00 0.00 0.00 -0.00 0.00 -220.57 0.00 
0.00 -0.00 0.00 0.00 0.00 -0.00 -0.00 0.00 -0.00 -47.08 
10
-0.01 -0.00 -0.02 0.00 0.05 0.00 -0.01 0.00 -0.00 0.02 
-0.04 0.00 -0.45 0.01 0.22 -0.00 -0.08 0.00 -0.01 0.08 
0.00 0.00 -0.00 -0.00 -0.00 -0.00 0.01 -0.00 -0.00 -0.00 
-0.04 0.01 -0.14 -0.00 -0.26 0.00 0.22 -0.00 0.01 -0.07 
0.00 0.00 -0.01 0.00 -0.01 -0.00 0.00 -0.00 0.00 0.00 
-0.06 0.04 0.00 0.03 -0.37 0.01 0.54 -0.00 0.01 -0.05 
-0.00 0.00 0.00 0.00 0.00 0.00 0.00 -0.00 0.00 0.00 
-0.07 -0.05 -1.14 -0.01 1.10 0.02 0.09 0.01 0.03 0.05 
-0.00 -0.00 0.23 0.01 -0.19 0.00 -0.51 -0.00 -0.00 -0.03 
0.01 -0.00 0.22 0.00 -0.08 0.00 0.05 -0.00 0.00 -0.02 
10
25.00 0.00 0.00 0.00 0.00 0.00 0.00 0.00 0.00 0.00 
0.00 60.00 0.00 0.00 0.00 0.00 0.00 -0.00 0.00 0.00 
0.00 0.00 38.00 0.00 -0.00 0.00 0.00 0.00 0.00 0.00 
0.00 0.00 0.00 37.00 0.00 0.00 0.00 -0.00 0.00 0.00 
0.00 0.00 0.00 0.00 53.00 0.00 0.00 0.00 0.00 0.00 
0.00 0.00 0.00 0.00 0.00 18.00 0.00 0.00 0.00 0.00 
0.00 0.00 0.00 0.00 0.00 0.00 76.00 0.00 0.00 0.00 
0.00 0.00 0.00 0.00 0.00 0.00 0.00 78.00 0.00 0.00 
0.00 0.00 0.00 0.00 0.00 0.00 0.00 0.00 44.00 -0.00 
0.00 0.00 0.00 0.00 0.00 0.00 0.00 0.00 0.00 22.00 
10
0.04 -0.01 -0.04 0.05 -0.02 -0.05 0.01 -0.03 -0.00 0.32 
0.00 0.02 -0.02 -0.02 0.02 -0.09 0.01 -0.00 0.03 -0.34 
0.00 0.00 0.03 -0.05 0.02 -0.09 0.01 0.02 0.03 -0.45 
0.00 0.00 0.00 0.03 -0.02 0.06 -0.00 -0.01 -0.03 0.33 
0.00 0.00 0.00 0.00 0.02 -0.18 0.01 -0.00 0.04 -0.46 
0.00 0.00 0.00 0.00 0.00 0.06 -0.01 0.00 -0.01 0.13 
0.00 0.00 0.00 0.00 0.00 0.00 0.01 -0.01 -0.01 -0.02 
0.00 0.00 0.00 0.00 0.00 0.00 0.00 0.01 -0.02 0.10 
0.00 0.00 0.00 0.00 0.00 0.00 0.00 0.00 0.02 -0.21 
0.00 0.00 0.00 0.00 0.00 0.00 0.00 0.00 0.00 0.05 
10
63.00 0.00 0.00 0.00 0.00 0.00 0.00 0.00 0.00 0.00 
0.00 59.00 0.00 0.00 0.00 0.00 0.00 0.00 0.00 0.00 
0.00 0.00 78.00 0.00 0.00 0.00 0.00 0.00 0.00 0.00 
0.00 0.00 0.00 90.00 0.00 0.00 0.00 0.00 0.00 0.00 
0.00 0.00 0.00 0.00 16.00 0.00 0.00 0.00 0.00 0.00 
0.00 0.00 0.00 0.00 0.00 1.00 0.00 0.00 0.00 0.00 
0.00 0.00 0.00 0.00 0.00 0.00 61.00 0.00 0.00 0.00 
0.00 0.00 0.00 0.00 0.00 0.00 0.00 59.00 0.00 0.00 
0.00 0.00 0.00 0.00 0.00 0.00 0.00 0.00 34.00 0.00 
0.00 0.00 0.00 0.00 0.00 0.00 0.00 0.00 0.00 93.00 
10
0.02 0.00 0.00 0.00 0.00 0.00 0.00 0.00 0.00 0.00 
-0.02 0.02 0.00 0.00 0.00 0.00 0.00 0.00 0.00 0.00 
0.02 -0.03 0.01 0.00 0.00 0.00 0.00 0.00 0.00 0.00 
0.01 -0.01 -0.00 0.01 0.00 0.00 0.00 0.00 0.00 0.00 
-0.04 0.03 -0.02 -0.01 0.06 0.00 0.00 0.00 0.00 0.00 
0.14 -0.11 0.05 0.02 -0.22 1.00 0.00 0.00 0.00 0.00 
-9.94 7.54 -3.70 -1.31 15.91 -72.00 0.02 0.00 0.00 0.00 
0.87 -0.68 0.33 0.12 -1.42 5.49 -0.01 0.02 0.00 0.00 
-5.15 3.93 -1.92 -0.69 8.25 -36.30 0.01 -0.01 0.03 0.00 
7.03 -5.39 2.63 0.95 -11.30 48.19 -0.03 0.03 -0.08 0.01 
10
-nan -nan -nan -nan -nan -nan -nan -nan -nan -nan 
-nan -nan -nan -nan -nan -nan -nan -nan -nan -nan 
-nan -nan -nan -nan -nan -nan -nan -nan -nan -nan 
-nan -nan -nan -nan -nan -nan -nan -nan -nan -nan 
-nan -nan -nan -nan -nan -nan -nan -nan -nan -nan 
-nan -nan -nan -nan -nan -nan -nan -nan -nan -nan 
-nan -nan -nan -nan -nan -nan -nan -nan -nan -nan 
-nan -nan -nan -nan -nan -nan -nan -nan -nan -nan 
-nan -nan -nan -nan -nan -nan -nan -nan -nan -nan 
-nan -nan -nan -nan -nan -nan -nan -nan -nan -nan 
10
-nan -nan -nan -nan -nan -nan -nan -nan -nan -nan 
-nan -nan -nan -nan -nan -nan -nan -nan -nan -nan 
-nan -nan -nan -nan -nan -nan -nan -nan -nan -nan 
-nan -nan -nan -nan -nan -nan -nan -nan -nan -nan 
-nan -nan -nan -nan -nan -nan -nan -nan -nan -nan 
-nan -nan -nan -nan -nan -nan -nan -nan -nan -nan 
-nan -nan -nan -nan -nan -nan -nan -nan -nan -nan 
-nan -nan -nan -nan -nan -nan -nan -nan -nan -nan 
-nan -nan -nan -nan -nan -nan -nan -nan -nan -nan 
-nan -nan -nan -nan -nan -nan -nan -nan -nan -nan 
10
89.00 0.00 0.00 0.00 0.00 0.00 0.00 0.00 0.00 0.00 
0.00 34.00 0.00 0.00 0.00 0.00 0.00 0.00 0.00 0.00 
0.00 0.00 92.00 0.00 0.00 0.00 0.00 0.00 0.00 0.00 
0.00 0.00 0.00 56.00 0.00 0.00 0.00 0.00 0.00 0.00 
0.00 0.00 0.00 0.00 26.00 0.00 0.00 0.00 0.00 0.00 
-0.00 0.00 0.00 0.00 0.00 27.00 0.00 0.00 0.00 0.00 
-0.00 0.00 -0.00 0.00 0.00 0.00 51.00 0.00 0.00 0.00 
0.00 0.00 0.00 0.00 0.00 -0.00 0.00 7.00 0.00 0.00 
-0.00 0.00 -0.00 0.00 0.00 0.00 0.00 0.00 98.00 0.00 
-0.00 0.00 -0.00 0.00 0.00 0.00 0.00 0.00 0.00 30.00 
10
0.01 0.00 0.00 0.00 0.00 0.00 0.00 0.00 0.00 0.00 
-0.01 0.03 0.00 0.00 0.00 0.00 0.00 0.00 0.00 0.00 
0.01 -0.05 0.01 0.00 0.00 0.00 0.00 0.00 0.00 0.00 
0.01 -0.06 -0.00 0.02 0.00 0.00 0.00 0.00 0.00 0.00 
0.00 -0.00 -0.01 -0.00 0.04 0.00 0.00 0.00 0.00 0.00 
-0.02 0.04 0.02 -0.00 -0.11 0.04 0.00 0.00 0.00 0.00 
0.01 0.00 0.01 -0.00 -0.07 -0.03 0.02 0.00 0.00 0.00 
0.01 -0.01 -0.04 -0.01 0.22 -0.05 -0.02 0.14 0.00 0.00 
0.00 -0.02 0.05 0.04 -0.35 0.06 0.03 -0.29 0.01 0.00 
-0.05 0.06 0.11 0.01 -0.60 0.15 0.05 -0.40 -0.01 0.03 
10
79.00 0.00 0.00 0.00 0.00 0.00 0.00 0.00 0.00 0.00 
0.00 -22.82 0.00 0.00 0.00 0.00 0.00 0.00 0.00 0.00 
-0.00 0.00 -50.55 0.00 0.00 0.00 0.00 0.00 0.00 0.00 
0.00 -0.00 -0.00 -79.39 -0.00 0.00 -0.00 0.00 0.00 0.00 
-0.00 0.00 0.00 0.00 226.87 0.00 0.00 0.00 0.00 0.00 
-0.00 -0.00 -0.00 0.00 -0.00 56.51 -0.00 0.00 0.00 0.00 
-0.00 0.00 0.00 0.00 0.00 0.00 -158.99 0.00 0.00 0.00 
0.00 0.00 0.00 0.00 0.00 0.00 0.00 71.73 0.00 0.00 
0.00 -0.00 -0.00 0.00 -0.00 0.00 -0.00 0.00 -20.25 0.00 
-0.00 0.00 0.00 0.00 0.00 0.00 0.00 0.00 0.00 -17.87 
10
0.06 0.01 -0.01 0.03 0.00 -0.07 0.01 0.03 0.16 -0.11 
0.01 -0.01 -0.00 0.01 0.00 -0.01 0.00 0.01 0.04 -0.00 
0.03 0.03 -0.01 0.02 0.00 -0.04 0.01 0.02 0.07 -0.10 
-0.05 -0.07 0.04 -0.04 -0.01 0.09 -0.02 -0.05 -0.09 0.18 
0.10 0.08 -0.04 0.09 0.00 -0.15 0.03 0.11 0.31 -0.39 
-0.06 -0.03 0.03 -0.05 -0.01 0.09 -0.02 -0.06 -0.19 0.15 
0.11 0.07 -0.00 0.06 0.00 -0.18 0.03 0.10 0.27 -0.26 
0.01 0.02 -0.02 0.02 0.01 -0.02 0.00 0.01 0.00 0.02 
-0.03 -0.01 0.00 -0.02 -0.00 0.05 -0.01 -0.03 -0.11 0.06 
0.02 0.02 -0.01 0.01 0.00 -0.03 0.01 0.02 0.05 -0.06 
